 3000.000   0.688385
 3025.000   0.346822
 3050.000   0.644834
 3075.000   0.658515
 3100.000   0.701131
 3125.000   0.752532
 3150.000   0.934498
 3175.000   0.703735
 3200.000   0.916675
 3225.000   0.033088
 3250.000   0.984796
 3275.000   0.910111
 3300.000   0.106701
 3325.000   0.391762
 3350.000   0.780569
 3375.000   0.844968
 3400.000   0.978913
 3425.000   0.075648
 3450.000   0.751260
 3475.000   0.724114
 3500.000   0.974019
 3525.000   0.604705
 3550.000   0.954872
 3575.000   0.871355
 3600.000   0.984333
 3625.000   0.971601
 3650.000   0.194967
 3675.000   0.946553
 3700.000   0.870987
 3725.000   0.843964
 3750.000   0.456506
 3775.000   0.840568
 3800.000   0.732885
 3825.000   0.618324
 3850.000   0.248543
 3875.000   0.000000
 3900.000   0.000000
 3925.000   0.000000
 3950.000   0.238316
 3975.000   0.633762
 4000.000   0.618038
 4025.000   0.000000
 4050.000   0.000000
 4075.000   0.000000
 4100.000   0.779771
 4125.000   0.991713
 4150.000   0.000000
 4175.000   0.000000
 4200.000   0.000000
 4225.000   0.000000
 4250.000   0.000000
 4275.000   0.000000
 4300.000   0.000000
 4325.000   0.093772
 4350.000   0.000000
 4375.000   0.000000
 4400.000   0.000000
 4425.000   0.000000
 4450.000   0.000000
 4475.000   0.000000
 4500.000   0.000000
 4525.000   0.000000
 4550.000   0.000000
 4575.000   0.000000
 4600.000   0.000000
 4625.000   0.000000
 4650.000   0.000000
 4675.000   0.266721
 4700.000   0.000000
 4725.000   0.996749
 4750.000   0.971157
 4775.000   0.995624
 4800.000   0.994391
 4825.000   0.994764
 4850.000   0.995163
 4875.000   0.994551
 4900.000   0.972226
 4925.000   0.992032
 4950.000   0.977916
 4975.000   0.992477
 5000.000   0.987095
 5025.000   0.986487
 5050.000   0.990352
 5075.000   0.983987
 5100.000   0.989442
 5125.000   0.855760
 5150.000   0.968723
 5175.000   0.967169
 5200.000   0.983171
 5225.000   0.742841
 5250.000   0.983126
 5275.000   0.982082
 5300.000   0.000000
 5325.000   0.332472
 5350.000   0.000000
 5375.000   0.999444
 5400.000   0.993265
 5425.000   0.989264
 5450.000   0.997995
 5475.000   0.997537
 5500.000   0.994661
 5525.000   0.997238
 5550.000   0.999502
 5575.000   0.998323
 5600.000   0.451675
 5625.000   0.999581
 5650.000   0.571339
 5675.000   0.997597
 5700.000   0.999094
 5725.000   0.999919
 5750.000   0.999898
 5775.000   0.983917
 5800.000   0.998964
 5825.000   0.999887
 5850.000   0.999241
 5875.000   0.999020
 5900.000   0.994176
 5925.000   0.998074
 5950.000   0.996848
 5975.000   0.994766
 6000.000   0.999511
 6025.000   0.995727
 6050.000   0.998381
 6075.000   0.993798
 6100.000   0.997718
 6125.000   0.510107
 6150.000   0.998803
 6175.000   0.995474
 6200.000   0.999413
 6225.000   0.999356
 6250.000   0.998698
 6275.000   0.999490
 6300.000   0.999659
 6325.000   0.995531
 6350.000   0.999516
 6375.000   0.999571
 6400.000   0.242224
 6425.000   0.997099
 6450.000   0.994694
 6475.000   0.992269
 6500.000   0.999200
 6525.000   0.996765
 6550.000   0.998199
 6575.000   0.440699
 6600.000   0.998878
 6625.000   0.788049
 6650.000   0.999712
 6675.000   0.998521
 6700.000   0.999807
 6725.000   0.999773
 6750.000   0.996196
 6775.000   0.999550
 6800.000   0.998078
 6825.000   0.993897
 6850.000   0.999757
 6875.000   0.000000
 6900.000   0.429576
 6925.000   0.000000
 6950.000   0.999998
 6975.000   0.999810
 7000.000   0.998146
 7025.000   0.999973
 7050.000   0.999996
 7075.000   0.999993
 7100.000   0.992196
 7125.000   0.998694
 7150.000   0.998574
 7175.000   0.999886
 7200.000   0.995554
 7225.000   0.998929
 7250.000   0.995723
 7275.000   0.996610
 7300.000   0.999317
 7325.000   0.992199
 7350.000   0.998721
 7375.000   0.996852
 7400.000   0.984703
 7425.000   0.999549
 7450.000   0.996711
 7475.000   0.997672
 7500.000   0.999071
 7525.000   0.982367
 7550.000   0.999313
 7575.000   0.999882
 7600.000   0.997014
 7625.000   0.999428
 7650.000   0.999982
 7675.000   0.999957
 7700.000   0.998495
 7725.000   0.785088
 7750.000   0.940851
 7775.000   0.998431
 7800.000   0.995722
 7825.000   0.999998
 7850.000   0.999417
 7875.000   0.999132
 7900.000   0.999771
 7925.000   0.996063
 7950.000   0.999967
 7975.000   0.998768
 8000.000   0.999283
 8025.000   0.998907
 8050.000   0.998712
 8075.000   0.996807
 8100.000   0.999688
 8125.000   0.995394
 8150.000   0.908780
 8175.000   0.997415
 8200.000   0.996240
 8225.000   0.999858
 8250.000   0.999711
 8275.000   0.998701
 8300.000   0.999364
 8325.000   0.998322
 8350.000   0.998318
 8375.000   0.997241
 8400.000   0.996492
 8425.000   0.983759
 8450.000   0.757193
 8475.000   0.000000
 8500.000   0.954365
 8525.000   0.980292
 8550.000   0.969960
 8575.000   0.997879
 8600.000   0.977799
 8625.000   0.998570
 8650.000   0.991104
 8675.000   0.911539
 8700.000   0.000000
 8725.000   0.000000
 8750.000   0.954594
 8775.000   0.998166
 8800.000   0.999341
 8825.000   0.000000
 8850.000   0.000000
 8875.000   0.000000
 8900.000   0.000000
 8925.000   1.000000
 8950.000   0.000000
 8975.000   0.000000
 9000.000   0.000000
 9025.000   0.000000
 9050.000   0.000000
 9075.000   0.000000
 9100.000   0.725331
 9125.000   0.000000
 9150.000   0.291058
 9175.000   0.000000
 9200.000   0.591437
 9225.000   0.964115
 9250.000   0.997366
 9275.000   0.000000
 9300.000   0.000000
 9325.000   0.000000
 9350.000   0.000000
 9375.000   0.000000
 9400.000   1.000000
 9425.000   0.000000
 9450.000   0.846928
 9475.000   0.000000
 9500.000   0.000000
 9525.000   0.000000
 9550.000   0.965601
 9575.000   0.998739
 9600.000   0.991930
 9625.000   1.000000
 9650.000   0.000000
 9675.000   0.974312
 9700.000   0.000000
 9725.000   0.000000
 9750.000   0.000000
 9775.000   0.000000
 9800.000   0.000000
 9825.000   0.000000
 9850.000   0.000000
 9875.000   0.000000
 9900.000   0.000000
 9925.000   0.000000
 9950.000   0.000000
 9975.000   0.602177
