 3000.000   0.688385
 3010.000   0.783788
 3020.000   0.028393
 3030.000   0.669150
 3040.000   0.904760
 3050.000   0.641052
 3060.000   0.288983
 3070.000   0.960909
 3080.000   0.155547
 3090.000   0.894374
 3100.000   0.057411
 3110.000   0.163338
 3120.000   0.402135
 3130.000   0.966068
 3140.000   0.981490
 3150.000   0.934259
 3160.000   0.611180
 3170.000   0.854255
 3180.000   0.608234
 3190.000   0.202402
 3200.000   0.913919
 3210.000   0.768545
 3220.000   0.736816
 3230.000   0.360920
 3240.000   0.487448
 3250.000   0.982112
 3260.000   0.988510
 3270.000   0.987422
 3280.000   0.937783
 3290.000   0.988616
 3300.000   0.100047
 3310.000   0.825909
 3320.000   0.947760
 3330.000   0.957699
 3340.000   0.876381
 3350.000   0.766198
 3360.000   0.332332
 3370.000   0.350058
 3380.000   0.681979
 3390.000   0.968083
 3400.000   0.978219
 3410.000   0.624211
 3420.000   0.976883
 3430.000   0.983908
 3440.000   0.570474
 3450.000   0.748005
 3460.000   0.512515
 3470.000   0.986476
 3480.000   0.685810
 3490.000   0.806561
 3500.000   0.968971
 3510.000   0.811711
 3520.000   0.123776
 3530.000   0.976210
 3540.000   0.908497
 3550.000   0.954553
 3560.000   0.867684
 3570.000   0.063818
 3580.000   0.645951
 3590.000   0.926778
 3600.000   0.984229
 3610.000   0.631335
 3620.000   0.718212
 3630.000   0.258446
 3640.000   0.923102
 3650.000   0.193643
 3660.000   0.984777
 3670.000   0.172575
 3680.000   0.189740
 3690.000   0.880952
 3700.000   0.885013
 3710.000   0.773645
 3720.000   0.065971
 3730.000   0.441060
 3740.000   0.837230
 3750.000   0.295476
 3760.000   0.383113
 3770.000   0.614041
 3780.000   0.953537
 3790.000   0.641214
 3800.000   0.638213
 3810.000   0.763560
 3820.000   0.000000
 3830.000   0.397285
 3840.000   0.447039
 3850.000   0.059506
 3860.000   0.096483
 3870.000   0.888146
 3880.000   0.000000
 3890.000   0.668953
 3900.000   0.555809
 3910.000   0.000000
 3920.000   0.000000
 3930.000   0.000000
 3940.000   0.000000
 3950.000   0.000000
 3960.000   0.000000
 3970.000   0.193700
 3980.000   0.842486
 3990.000   0.000000
 4000.000   0.000000
 4010.000   0.000000
 4020.000   0.000000
 4030.000   0.000000
 4040.000   0.000000
 4050.000   0.000000
 4060.000   0.000000
 4070.000   0.000000
 4080.000   0.000000
 4090.000   0.000000
 4100.000   0.779599
 4110.000   0.957971
 4120.000   0.000000
 4130.000   0.000000
 4140.000   0.000000
 4150.000   0.000000
 4160.000   0.000000
 4170.000   0.000000
 4180.000   0.000000
 4190.000   0.000000
 4200.000   0.000000
 4210.000   0.000000
 4220.000   0.000000
 4230.000   0.000000
 4240.000   0.000000
 4250.000   0.000000
 4260.000   0.000000
 4270.000   0.000000
 4280.000   0.000000
 4290.000   0.000000
 4300.000   0.000000
 4310.000   0.563679
 4320.000   0.000000
 4330.000   0.000000
 4340.000   0.562608
 4350.000   0.895254
 4360.000   0.000000
 4370.000   0.000000
 4380.000   0.000000
 4390.000   0.000000
 4400.000   0.000000
 4410.000   0.000000
 4420.000   0.000000
 4430.000   0.000000
 4440.000   0.000000
 4450.000   0.000000
 4460.000   0.000000
 4470.000   0.000000
 4480.000   0.000000
 4490.000   0.000000
 4500.000   0.000000
 4510.000   0.000000
 4520.000   0.000000
 4530.000   0.000000
 4540.000   0.000000
 4550.000   0.000000
 4560.000   0.000000
 4570.000   0.000000
 4580.000   0.000000
 4590.000   0.000000
 4600.000   0.000000
 4610.000   0.000000
 4620.000   0.000000
 4630.000   0.000000
 4640.000   0.593751
 4650.000   0.000000
 4660.000   0.000000
 4670.000   0.000000
 4680.000   0.000000
 4690.000   0.000000
 4700.000   0.000000
 4710.000   0.000000
 4720.000   0.000000
 4730.000   0.000000
 4740.000   0.000000
 4750.000   0.000000
 4760.000   0.000000
 4770.000   0.000000
 4780.000   0.000000
 4790.000   0.000000
 4800.000   0.000000
 4810.000   0.000000
 4820.000   0.000000
 4830.000   0.000000
 4840.000   0.000000
 4850.000   0.000000
 4860.000   0.771007
 4870.000   0.935680
 4880.000   0.000000
 4890.000   0.000000
 4900.000   0.000000
 4910.000   0.000000
 4920.000   0.000000
 4930.000   0.000000
 4940.000   0.000000
 4950.000   0.000000
 4960.000   0.000000
 4970.000   0.000000
 4980.000   0.000000
 4990.000   0.000000
 5000.000   0.000000
 5010.000   0.000000
 5020.000   0.000000
 5030.000   0.000000
 5040.000   0.000000
 5050.000   0.000000
 5060.000   0.000000
 5070.000   0.000000
 5080.000   0.000000
 5090.000   0.000000
 5100.000   0.000000
 5110.000   0.000000
 5120.000   0.000000
 5130.000   0.000000
 5140.000   0.000000
 5150.000   0.000000
 5160.000   0.000000
 5170.000   0.000000
 5180.000   0.000000
 5190.000   0.000000
 5200.000   0.000000
 5210.000   0.000000
 5220.000   0.000000
 5230.000   0.000000
 5240.000   0.000000
 5250.000   0.000000
 5260.000   0.000000
 5270.000   0.000000
 5280.000   0.000000
 5290.000   0.000000
 5300.000   0.000000
 5310.000   0.641060
 5320.000   0.000000
 5330.000   0.000000
 5340.000   0.000000
 5350.000   0.000000
 5360.000   0.000000
 5370.000   0.000000
 5380.000   0.000000
 5390.000   0.000000
 5400.000   0.000000
 5410.000   0.000000
 5420.000   0.000000
 5430.000   0.000000
 5440.000   0.000000
 5450.000   0.000000
 5460.000   0.000000
 5470.000   0.000000
 5480.000   0.000000
 5490.000   0.000000
 5500.000   0.000000
 5510.000   0.000000
 5520.000   0.000000
 5530.000   0.000000
 5540.000   0.000000
 5550.000   0.000000
 5560.000   0.000000
 5570.000   0.000000
 5580.000   0.000000
 5590.000   0.000000
 5600.000   0.000000
 5610.000   0.000000
 5620.000   0.000000
 5630.000   0.000000
 5640.000   0.000000
 5650.000   0.000000
 5660.000   0.000000
 5670.000   0.000000
 5680.000   0.000000
 5690.000   0.000000
 5700.000   0.000000
 5710.000   0.000000
 5720.000   0.000000
 5730.000   0.000000
 5740.000   0.000000
 5750.000   0.000000
 5760.000   0.000000
 5770.000   0.000000
 5780.000   0.000000
 5790.000   0.000000
 5800.000   0.000000
 5810.000   0.000000
 5820.000   0.000000
 5830.000   0.000000
 5840.000   0.000000
 5850.000   0.000000
 5860.000   0.000000
 5870.000   0.000000
 5880.000   0.000000
 5890.000   0.000000
 5900.000   0.000000
 5910.000   0.000000
 5920.000   0.000000
 5930.000   0.000000
 5940.000   0.000000
 5950.000   0.000000
 5960.000   0.000000
 5970.000   0.000000
 5980.000   0.000000
 5990.000   0.000000
 6000.000   0.000000
 6010.000   0.000000
 6020.000   0.000000
 6030.000   0.000000
 6040.000   0.000000
 6050.000   0.000000
 6060.000   0.000000
 6070.000   0.000000
 6080.000   0.000000
 6090.000   0.000000
 6100.000   0.000000
 6110.000   0.000000
 6120.000   0.000000
 6130.000   0.000000
 6140.000   0.000000
 6150.000   0.000000
 6160.000   0.000000
 6170.000   0.000000
 6180.000   0.000000
 6190.000   0.000000
 6200.000   0.000000
 6210.000   0.000000
 6220.000   0.000000
 6230.000   0.000000
 6240.000   0.000000
 6250.000   0.000000
 6260.000   0.000000
 6270.000   0.000000
 6280.000   0.000000
 6290.000   0.000000
 6300.000   0.000000
 6310.000   0.000000
 6320.000   0.000000
 6330.000   0.000000
 6340.000   0.000000
 6350.000   0.000000
 6360.000   0.000000
 6370.000   0.000000
 6380.000   0.000000
 6390.000   0.000000
 6400.000   0.000000
 6410.000   0.000000
 6420.000   0.000000
 6430.000   0.000000
 6440.000   0.000000
 6450.000   0.000000
 6460.000   0.000000
 6470.000   0.000000
 6480.000   0.000000
 6490.000   0.000000
 6500.000   0.000000
 6510.000   0.000000
 6520.000   0.000000
 6530.000   0.000000
 6540.000   0.000000
 6550.000   0.000000
 6560.000   0.874404
 6570.000   0.949631
 6580.000   0.000000
 6590.000   0.000000
 6600.000   0.000000
 6610.000   0.000000
 6620.000   0.000000
 6630.000   0.000000
 6640.000   0.000000
 6650.000   0.000000
 6660.000   0.000000
 6670.000   0.000000
 6680.000   0.000000
 6690.000   0.000000
 6700.000   0.000000
 6710.000   0.000000
 6720.000   0.000000
 6730.000   0.000000
 6740.000   0.000000
 6750.000   0.000000
 6760.000   0.000000
 6770.000   0.000000
 6780.000   0.000000
 6790.000   0.000000
 6800.000   0.000000
 6810.000   0.000000
 6820.000   0.000000
 6830.000   0.000000
 6840.000   0.000000
 6850.000   0.000000
 6860.000   0.000000
 6870.000   0.000000
 6880.000   0.000000
 6890.000   0.000000
 6900.000   0.000000
 6910.000   0.000000
 6920.000   0.000000
 6930.000   0.000000
 6940.000   0.000000
 6950.000   0.000000
 6960.000   0.000000
 6970.000   0.000000
 6980.000   0.000000
 6990.000   0.000000
 7000.000   0.000000
 7010.000   0.999912
 7020.000   0.999595
 7030.000   0.711577
 7040.000   0.988222
 7050.000   0.999995
 7060.000   0.994034
 7070.000   0.999753
 7080.000   0.999996
 7090.000   0.999170
 7100.000   0.992197
 7110.000   0.993522
 7120.000   0.914257
 7130.000   0.999008
 7140.000   0.999719
 7150.000   0.998577
 7160.000   0.999779
 7170.000   0.991557
 7180.000   0.999718
 7190.000   0.999512
 7200.000   0.995556
 7210.000   0.999918
 7220.000   0.999001
 7230.000   0.997847
 7240.000   0.993662
 7250.000   0.995731
 7260.000   0.996190
 7270.000   0.999220
 7280.000   0.999418
 7290.000   0.999469
 7300.000   0.999318
 7310.000   0.998776
 7320.000   0.999807
 7330.000   0.990116
 7340.000   0.996483
 7350.000   0.998724
 7360.000   0.999643
 7370.000   0.999092
 7380.000   0.997477
 7390.000   0.996460
 7400.000   0.984709
 7410.000   0.999520
 7420.000   0.992658
 7430.000   0.997158
 7440.000   0.998712
 7450.000   0.996712
 7460.000   0.999080
 7470.000   0.997631
 7480.000   0.999517
 7490.000   0.999991
 7500.000   0.999072
 7510.000   0.997116
 7520.000   0.999979
 7530.000   0.999857
 7540.000   0.999840
 7550.000   0.999314
 7560.000   0.982560
 7570.000   0.999962
 7580.000   0.995208
 7590.000   0.999998
 7600.000   0.997020
 7610.000   0.999667
 7620.000   0.999127
 7630.000   0.998642
 7640.000   0.998148
 7650.000   0.999982
 7660.000   0.993923
 7670.000   0.999843
 7680.000   0.992844
 7690.000   0.999134
 7700.000   0.998496
 7710.000   0.996099
 7720.000   0.999511
 7730.000   0.999994
 7740.000   0.999224
 7750.000   0.940982
 7760.000   0.999822
 7770.000   0.999040
 7780.000   0.996508
 7790.000   0.999964
 7800.000   0.995725
 7810.000   0.997098
 7820.000   0.999994
 7830.000   0.993391
 7840.000   0.999215
 7850.000   0.999400
 7860.000   0.999874
 7870.000   0.997805
 7880.000   0.999769
 7890.000   0.981455
 7900.000   0.999770
 7910.000   0.999972
 7920.000   0.987762
 7930.000   0.994766
 7940.000   0.997739
 7950.000   0.999966
 7960.000   0.998691
 7970.000   0.995618
 7980.000   0.996429
 7990.000   0.999419
 8000.000   0.999284
 8010.000   0.993936
 8020.000   0.999477
 8030.000   0.998876
 8040.000   0.989675
 8050.000   0.998712
 8060.000   0.999703
 8070.000   0.999691
 8080.000   0.999385
 8090.000   0.999755
 8100.000   0.999688
 8110.000   0.989974
 8120.000   0.996162
 8130.000   0.999891
 8140.000   0.995078
 8150.000   0.908827
 8160.000   0.999436
 8170.000   0.998428
 8180.000   0.997950
 8190.000   0.995698
 8200.000   0.995947
 8210.000   0.999688
 8220.000   0.975947
 8230.000   0.994360
 8240.000   0.999996
 8250.000   0.999712
 8260.000   0.999849
 8270.000   0.999394
 8280.000   0.992378
 8290.000   0.947998
 8300.000   0.999365
 8310.000   0.985748
 8320.000   0.998908
 8330.000   0.998353
 8340.000   0.997787
 8350.000   0.998242
 8360.000   0.997884
 8370.000   0.997447
 8380.000   0.997324
 8390.000   0.987545
 8400.000   0.996494
 8410.000   0.991657
 8420.000   0.996836
 8430.000   0.920866
 8440.000   0.994118
 8450.000   0.955827
 8460.000   0.994652
 8470.000   0.992275
 8480.000   0.991450
 8490.000   0.992751
 8500.000   0.954393
 8510.000   0.986683
 8520.000   0.994993
 8530.000   0.988814
 8540.000   0.806032
 8550.000   0.970043
 8560.000   0.969608
 8570.000   0.995726
 8580.000   0.000000
 8590.000   0.989819
 8600.000   0.977812
 8610.000   0.983944
 8620.000   0.997984
 8630.000   0.000000
 8640.000   0.966950
 8650.000   0.977445
 8660.000   0.865374
 8670.000   0.974509
 8680.000   0.885808
 8690.000   0.952868
 8700.000   0.976082
 8710.000   0.000000
 8720.000   0.000000
 8730.000   1.000000
 8740.000   1.000000
 8750.000   0.954730
 8760.000   0.992961
 8770.000   0.997898
 8780.000   1.000000
 8790.000   0.000000
 8800.000   0.000000
 8810.000   0.000000
 8820.000   0.000000
 8830.000   0.000000
 8840.000   0.000000
 8850.000   1.000000
 8860.000   0.959745
 8870.000   0.988573
 8880.000   1.000000
 8890.000   0.905025
 8900.000   0.000000
 8910.000   0.000000
 8920.000   1.000000
 8930.000   1.000000
 8940.000   1.000000
 8950.000   0.000000
 8960.000   0.000000
 8970.000   0.000000
 8980.000   0.000000
 8990.000   0.000000
 9000.000   0.000000
 9010.000   0.978118
 9020.000   0.977581
 9030.000   1.000000
 9040.000   1.000000
 9050.000   0.000000
 9060.000   1.000000
 9070.000   0.000000
 9080.000   0.000000
 9090.000   0.000000
 9100.000   0.000000
 9110.000   0.000000
 9120.000   1.000000
 9130.000   0.000000
 9140.000   1.000000
 9150.000   0.000000
 9160.000   0.000000
 9170.000   0.000000
 9180.000   0.000000
 9190.000   1.000000
 9200.000   0.000000
 9210.000   0.000000
 9220.000   0.000000
 9230.000   0.909507
 9240.000   0.991545
 9250.000   0.994187
 9260.000   1.000000
 9270.000   0.000000
 9280.000   1.000000
 9290.000   0.000000
 9300.000   0.000000
 9310.000   1.000000
 9320.000   0.000000
 9330.000   1.000000
 9340.000   0.000000
 9350.000   0.000000
 9360.000   0.000000
 9370.000   1.000000
 9380.000   0.000000
 9390.000   0.000000
 9400.000   1.000000
 9410.000   0.000000
 9420.000   0.000000
 9430.000   0.869249
 9440.000   0.000000
 9450.000   0.000000
 9460.000   1.000000
 9470.000   0.000000
 9480.000   1.000000
 9490.000   0.000000
 9500.000   0.000000
 9510.000   1.000000
 9520.000   0.000000
 9530.000   0.000000
 9540.000   0.000000
 9550.000   0.965730
 9560.000   0.994186
 9570.000   0.998328
 9580.000   0.560279
 9590.000   1.000000
 9600.000   0.000000
 9610.000   1.000000
 9620.000   0.000000
 9630.000   0.000000
 9640.000   0.000000
 9650.000   0.000000
 9660.000   0.000000
 9670.000   0.000000
 9680.000   0.000000
 9690.000   1.000000
 9700.000   0.000000
 9710.000   0.000000
 9720.000   0.000000
 9730.000   1.000000
 9740.000   0.000000
 9750.000   0.000000
 9760.000   0.000000
 9770.000   0.000000
 9780.000   0.000000
 9790.000   0.000000
 9800.000   0.000000
 9810.000   0.000000
 9820.000   0.000000
 9830.000   0.000000
 9840.000   0.000000
 9850.000   0.000000
 9860.000   0.000000
 9870.000   0.000000
 9880.000   0.000000
 9890.000   0.000000
 9900.000   0.000000
 9910.000   0.000000
 9920.000   0.000000
 9930.000   0.000000
 9940.000   0.000000
 9950.000   0.000000
 9960.000   0.623034
 9970.000   0.000000
 9980.000   0.999280
 9990.000   0.999212
