 3000.000   0.688385
 3005.000   0.747477
 3010.000   0.777477
 3015.000   0.494946
 3020.000   0.028393
 3025.000   0.339568
 3030.000   0.669150
 3035.000   0.940901
 3040.000   0.904672
 3045.000   0.014689
 3050.000   0.641052
 3055.000   0.846294
 3060.000   0.288968
 3065.000   0.862293
 3070.000   0.960136
 3075.000   0.653700
 3080.000   0.158589
 3085.000   0.932188
 3090.000   0.893402
 3095.000   0.919998
 3100.000   0.063833
 3105.000   0.853193
 3110.000   0.159820
 3115.000   0.062996
 3120.000   0.400382
 3125.000   0.061234
 3130.000   0.965931
 3135.000   0.930315
 3140.000   0.981343
 3145.000   0.376466
 3150.000   0.933834
 3155.000   0.971811
 3160.000   0.611021
 3165.000   0.031649
 3170.000   0.854028
 3175.000   0.701729
 3180.000   0.607955
 3185.000   0.543096
 3190.000   0.202402
 3195.000   0.902509
 3200.000   0.903528
 3205.000   0.880275
 3210.000   0.764089
 3215.000   0.447477
 3220.000   0.705924
 3225.000   0.027392
 3230.000   0.359786
 3235.000   0.414358
 3240.000   0.482267
 3245.000   0.919072
 3250.000   0.979321
 3255.000   0.860188
 3260.000   0.988206
 3265.000   0.604822
 3270.000   0.987543
 3275.000   0.903560
 3280.000   0.934680
 3285.000   0.629664
 3290.000   0.988316
 3295.000   0.974897
 3300.000   0.097363
 3305.000   0.695889
 3310.000   0.824783
 3315.000   0.912350
 3320.000   0.946985
 3325.000   0.389964
 3330.000   0.955875
 3335.000   0.810646
 3340.000   0.875695
 3345.000   0.144370
 3350.000   0.764543
 3355.000   0.840903
 3360.000   0.330100
 3365.000   0.833638
 3370.000   0.347824
 3375.000   0.812732
 3380.000   0.680754
 3385.000   0.811997
 3390.000   0.967546
 3395.000   0.949727
 3400.000   0.966999
 3405.000   0.861576
 3410.000   0.621830
 3415.000   0.224101
 3420.000   0.973809
 3425.000   0.074470
 3430.000   0.983656
 3435.000   0.973099
 3440.000   0.567241
 3445.000   0.697221
 3450.000   0.742771
 3455.000   0.917635
 3460.000   0.511239
 3465.000   0.927978
 3470.000   0.986438
 3475.000   0.720277
 3480.000   0.684982
 3485.000   0.930320
 3490.000   0.805262
 3495.000   0.891303
 3500.000   0.968609
 3505.000   0.967582
 3510.000   0.811338
 3515.000   0.107858
 3520.000   0.121659
 3525.000   0.600957
 3530.000   0.904770
 3535.000   0.952593
 3540.000   0.908132
 3545.000   0.947486
 3550.000   0.953601
 3555.000   0.225384
 3560.000   0.866808
 3565.000   0.651687
 3570.000   0.062573
 3575.000   0.865830
 3580.000   0.646007
 3585.000   0.277959
 3590.000   0.921148
 3595.000   0.938475
 3600.000   0.984165
 3605.000   0.564053
 3610.000   0.630287
 3615.000   0.966858
 3620.000   0.717372
 3625.000   0.969022
 3630.000   0.256990
 3635.000   0.946739
 3640.000   0.923800
 3645.000   0.927074
 3650.000   0.192840
 3655.000   0.926982
 3660.000   0.984849
 3665.000   0.830590
 3670.000   0.174736
 3675.000   0.949725
 3680.000   0.192130
 3685.000   0.626447
 3690.000   0.869646
 3695.000   0.387502
 3700.000   0.884850
 3705.000   0.404281
 3710.000   0.771688
 3715.000   0.864962
 3720.000   0.065343
 3725.000   0.833429
 3730.000   0.442800
 3735.000   0.115449
 3740.000   0.836434
 3745.000   0.494324
 3750.000   0.295032
 3755.000   0.884253
 3760.000   0.383825
 3765.000   0.815873
 3770.000   0.612860
 3775.000   0.839371
 3780.000   0.953662
 3785.000   0.722136
 3790.000   0.000000
 3795.000   0.001726
 3800.000   0.639251
 3805.000   0.927631
 3810.000   0.763401
 3815.000   1.000000
 3820.000   0.256430
 3825.000   1.000000
 3830.000   0.000000
 3835.000   0.417126
 3840.000   0.446186
 3845.000   0.660924
 3850.000   0.057671
 3855.000   0.000000
 3860.000   0.098201
 3865.000   0.000000
 3870.000   0.000000
 3875.000   0.000000
 3880.000   0.000000
 3885.000   0.806505
 3890.000   0.668511
 3895.000   0.826618
 3900.000   0.556405
 3905.000   1.000000
 3910.000   0.000000
 3915.000   0.000000
 3920.000   0.000000
 3925.000   0.000000
 3930.000   0.000000
 3935.000   0.000000
 3940.000   0.000000
 3945.000   0.000000
 3950.000   0.000000
 3955.000   1.000000
 3960.000   0.000000
 3965.000   0.000000
 3970.000   0.193155
 3975.000   0.632442
 3980.000   0.841975
 3985.000   0.917285
 3990.000   0.000000
 3995.000   0.000000
 4000.000   0.000000
 4005.000   0.000000
 4010.000   0.000000
 4015.000   0.000000
 4020.000   0.000000
 4025.000   0.000000
 4030.000   0.000000
 4035.000   0.000000
 4040.000   0.000000
 4045.000   0.000000
 4050.000   0.000000
 4055.000   0.000000
 4060.000   0.000000
 4065.000   0.000000
 4070.000   0.000000
 4075.000   0.000000
 4080.000   0.000000
 4085.000   0.000000
 4090.000   0.000000
 4095.000   0.000000
 4100.000   0.779346
 4105.000   0.872276
 4110.000   0.957777
 4115.000   0.985837
 4120.000   0.000000
 4125.000   0.000000
 4130.000   0.000000
 4135.000   0.000000
 4140.000   0.000000
 4145.000   0.000000
 4150.000   0.000000
 4155.000   0.000000
 4160.000   0.000000
 4165.000   0.000000
 4170.000   0.000000
 4175.000   0.000000
 4180.000   0.000000
 4185.000   0.000000
 4190.000   0.000000
 4195.000   0.000000
 4200.000   0.000000
 4205.000   0.000000
 4210.000   0.000000
 4215.000   0.000000
 4220.000   0.000000
 4225.000   0.000000
 4230.000   0.000000
 4235.000   0.000000
 4240.000   0.000000
 4245.000   0.000000
 4250.000   0.000000
 4255.000   0.000000
 4260.000   0.000000
 4265.000   0.000000
 4270.000   0.000000
 4275.000   0.000000
 4280.000   0.000000
 4285.000   0.000000
 4290.000   0.000000
 4295.000   0.000000
 4300.000   0.491438
 4305.000   0.000000
 4310.000   0.000000
 4315.000   0.000000
 4320.000   0.000000
 4325.000   0.000000
 4330.000   0.000000
 4335.000   0.000000
 4340.000   0.562167
 4345.000   0.926783
 4350.000   0.895206
 4355.000   0.846093
 4360.000   0.000000
 4365.000   0.000000
 4370.000   0.000000
 4375.000   0.000000
 4380.000   0.000000
 4385.000   0.000000
 4390.000   0.000000
 4395.000   0.000000
 4400.000   0.000000
 4405.000   0.000000
 4410.000   0.000000
 4415.000   0.000000
 4420.000   0.000000
 4425.000   0.000000
 4430.000   0.000000
 4435.000   0.000000
 4440.000   0.000000
 4445.000   0.000000
 4450.000   0.000000
 4455.000   0.000000
 4460.000   0.000000
 4465.000   0.000000
 4470.000   0.000000
 4475.000   0.000000
 4480.000   0.000000
 4485.000   0.000000
 4490.000   0.000000
 4495.000   0.000000
 4500.000   0.000000
 4505.000   0.000000
 4510.000   0.000000
 4515.000   0.000000
 4520.000   0.000000
 4525.000   0.000000
 4530.000   0.000000
 4535.000   0.000000
 4540.000   0.000000
 4545.000   0.000000
 4550.000   0.000000
 4555.000   0.000000
 4560.000   0.000000
 4565.000   0.828389
 4570.000   0.000000
 4575.000   0.817201
 4580.000   0.000000
 4585.000   0.000000
 4590.000   0.000000
 4595.000   0.000000
 4600.000   0.000000
 4605.000   0.000000
 4610.000   0.000000
 4615.000   0.000000
 4620.000   0.000000
 4625.000   0.000000
 4630.000   0.000000
 4635.000   0.647721
 4640.000   0.000000
 4645.000   0.000000
 4650.000   0.000000
 4655.000   0.000000
 4660.000   0.000000
 4665.000   0.000000
 4670.000   0.000000
 4675.000   0.000000
 4680.000   0.000000
 4685.000   0.000000
 4690.000   0.000000
 4695.000   0.000000
 4700.000   0.000000
 4705.000   0.000000
 4710.000   0.000000
 4715.000   0.000000
 4720.000   0.000000
 4725.000   0.000000
 4730.000   0.000000
 4735.000   0.000000
 4740.000   0.000000
 4745.000   0.000000
 4750.000   0.000000
 4755.000   0.000000
 4760.000   0.000000
 4765.000   0.000000
 4770.000   0.000000
 4775.000   0.000000
 4780.000   0.000000
 4785.000   0.000000
 4790.000   0.000000
 4795.000   0.000000
 4800.000   0.000000
 4805.000   0.000000
 4810.000   0.000000
 4815.000   0.000000
 4820.000   0.000000
 4825.000   0.000000
 4830.000   0.000000
 4835.000   0.000000
 4840.000   0.000000
 4845.000   0.000000
 4850.000   0.000000
 4855.000   0.000000
 4860.000   0.747475
 4865.000   0.907983
 4870.000   0.935743
 4875.000   0.986535
 4880.000   0.000000
 4885.000   0.000000
 4890.000   0.000000
 4895.000   0.000000
 4900.000   0.000000
 4905.000   0.000000
 4910.000   0.000000
 4915.000   0.000000
 4920.000   0.000000
 4925.000   0.000000
 4930.000   0.000000
 4935.000   0.000000
 4940.000   0.000000
 4945.000   0.000000
 4950.000   0.000000
 4955.000   0.000000
 4960.000   0.000000
 4965.000   0.000000
 4970.000   0.000000
 4975.000   0.000000
 4980.000   0.000000
 4985.000   0.000000
 4990.000   0.000000
 4995.000   0.000000
 5000.000   0.000000
 5005.000   0.000000
 5010.000   0.000000
 5015.000   0.000000
 5020.000   0.000000
 5025.000   0.000000
 5030.000   0.000000
 5035.000   0.000000
 5040.000   0.000000
 5045.000   0.000000
 5050.000   0.000000
 5055.000   0.000000
 5060.000   0.000000
 5065.000   0.000000
 5070.000   0.000000
 5075.000   0.000000
 5080.000   0.000000
 5085.000   0.000000
 5090.000   0.000000
 5095.000   0.000000
 5100.000   0.000000
 5105.000   0.000000
 5110.000   0.000000
 5115.000   0.000000
 5120.000   0.000000
 5125.000   0.000000
 5130.000   0.000000
 5135.000   0.000000
 5140.000   0.000000
 5145.000   0.000000
 5150.000   0.000000
 5155.000   0.000000
 5160.000   0.000000
 5165.000   0.000000
 5170.000   0.000000
 5175.000   0.000000
 5180.000   0.000000
 5185.000   0.000000
 5190.000   0.000000
 5195.000   0.000000
 5200.000   0.000000
 5205.000   0.000000
 5210.000   0.000000
 5215.000   0.000000
 5220.000   0.000000
 5225.000   0.000000
 5230.000   0.000000
 5235.000   0.000000
 5240.000   0.000000
 5245.000   0.000000
 5250.000   0.000000
 5255.000   0.000000
 5260.000   0.000000
 5265.000   0.000000
 5270.000   0.000000
 5275.000   0.000000
 5280.000   0.000000
 5285.000   0.000000
 5290.000   0.000000
 5295.000   0.000000
 5300.000   0.000000
 5305.000   0.682809
 5310.000   0.000000
 5315.000   0.000000
 5320.000   0.000000
 5325.000   0.000000
 5330.000   0.000000
 5335.000   0.000000
 5340.000   0.000000
 5345.000   0.000000
 5350.000   0.000000
 5355.000   0.000000
 5360.000   0.000000
 5365.000   0.000000
 5370.000   0.000000
 5375.000   0.000000
 5380.000   0.000000
 5385.000   0.000000
 5390.000   0.000000
 5395.000   0.000000
 5400.000   0.000000
 5405.000   0.000000
 5410.000   0.000000
 5415.000   0.000000
 5420.000   0.000000
 5425.000   0.000000
 5430.000   0.000000
 5435.000   0.000000
 5440.000   0.000000
 5445.000   0.000000
 5450.000   0.000000
 5455.000   0.000000
 5460.000   0.000000
 5465.000   0.000000
 5470.000   0.000000
 5475.000   0.000000
 5480.000   0.000000
 5485.000   0.000000
 5490.000   0.000000
 5495.000   0.000000
 5500.000   0.000000
 5505.000   0.000000
 5510.000   0.000000
 5515.000   0.000000
 5520.000   0.000000
 5525.000   0.000000
 5530.000   0.000000
 5535.000   0.000000
 5540.000   0.000000
 5545.000   0.000000
 5550.000   0.000000
 5555.000   0.000000
 5560.000   0.000000
 5565.000   0.000000
 5570.000   0.000000
 5575.000   0.000000
 5580.000   0.000000
 5585.000   0.000000
 5590.000   0.000000
 5595.000   0.000000
 5600.000   0.000000
 5605.000   0.000000
 5610.000   0.000000
 5615.000   0.000000
 5620.000   0.000000
 5625.000   0.000000
 5630.000   0.000000
 5635.000   0.000000
 5640.000   0.000000
 5645.000   0.000000
 5650.000   0.000000
 5655.000   0.000000
 5660.000   0.000000
 5665.000   0.000000
 5670.000   0.000000
 5675.000   0.000000
 5680.000   0.000000
 5685.000   0.000000
 5690.000   0.000000
 5695.000   0.977455
 5700.000   0.000000
 5705.000   0.992320
 5710.000   0.000000
 5715.000   0.000000
 5720.000   0.000000
 5725.000   0.000000
 5730.000   0.000000
 5735.000   0.000000
 5740.000   0.000000
 5745.000   0.000000
 5750.000   0.000000
 5755.000   0.000000
 5760.000   0.000000
 5765.000   0.000000
 5770.000   0.000000
 5775.000   0.000000
 5780.000   0.000000
 5785.000   0.000000
 5790.000   0.000000
 5795.000   0.000000
 5800.000   0.000000
 5805.000   0.000000
 5810.000   0.000000
 5815.000   0.000000
 5820.000   0.000000
 5825.000   0.000000
 5830.000   0.000000
 5835.000   0.998696
 5840.000   0.000000
 5845.000   1.000000
 5850.000   0.000000
 5855.000   0.000000
 5860.000   0.000000
 5865.000   0.000000
 5870.000   0.000000
 5875.000   0.000000
 5880.000   0.000000
 5885.000   0.000000
 5890.000   0.136486
 5895.000   0.000000
 5900.000   0.000000
 5905.000   0.000000
 5910.000   0.000000
 5915.000   0.000000
 5920.000   0.000000
 5925.000   0.000000
 5930.000   0.000000
 5935.000   0.000000
 5940.000   0.000000
 5945.000   0.000000
 5950.000   0.000000
 5955.000   0.000000
 5960.000   0.000000
 5965.000   0.000000
 5970.000   0.000000
 5975.000   0.000000
 5980.000   0.000000
 5985.000   0.000000
 5990.000   0.987749
 5995.000   0.000000
 6000.000   1.000000
 6005.000   0.000000
 6010.000   0.000000
 6015.000   0.000000
 6020.000   0.000000
 6025.000   0.000000
 6030.000   0.000000
 6035.000   0.000000
 6040.000   0.000000
 6045.000   0.000000
 6050.000   0.000000
 6055.000   0.000000
 6060.000   0.000000
 6065.000   0.000000
 6070.000   0.000000
 6075.000   0.000000
 6080.000   0.000000
 6085.000   0.000000
 6090.000   0.000000
 6095.000   0.000000
 6100.000   0.000000
 6105.000   0.000000
 6110.000   0.000000
 6115.000   0.000000
 6120.000   0.000000
 6125.000   0.000000
 6130.000   0.000000
 6135.000   0.000000
 6140.000   0.000000
 6145.000   0.466916
 6150.000   0.000000
 6155.000   0.934574
 6160.000   0.000000
 6165.000   0.000000
 6170.000   0.000000
 6175.000   0.000000
 6180.000   0.000000
 6185.000   0.000000
 6190.000   0.000000
 6195.000   0.000000
 6200.000   0.000000
 6205.000   0.000000
 6210.000   0.000000
 6215.000   0.000000
 6220.000   0.000000
 6225.000   0.000000
 6230.000   0.000000
 6235.000   0.000000
 6240.000   0.000000
 6245.000   0.000000
 6250.000   0.000000
 6255.000   0.000000
 6260.000   0.000000
 6265.000   0.000000
 6270.000   0.000000
 6275.000   0.000000
 6280.000   0.000000
 6285.000   0.000000
 6290.000   0.000000
 6295.000   0.000000
 6300.000   0.000000
 6305.000   0.000000
 6310.000   0.000000
 6315.000   0.000000
 6320.000   0.000000
 6325.000   0.996882
 6330.000   0.000000
 6335.000   0.999253
 6340.000   0.000000
 6345.000   0.000000
 6350.000   0.000000
 6355.000   0.000000
 6360.000   0.000000
 6365.000   0.000000
 6370.000   0.000000
 6375.000   0.897109
 6380.000   0.000000
 6385.000   0.000000
 6390.000   0.000000
 6395.000   0.975681
 6400.000   0.243197
 6405.000   0.000000
 6410.000   0.987751
 6415.000   0.997541
 6420.000   0.000000
 6425.000   0.998254
 6430.000   0.984397
 6435.000   0.942665
 6440.000   0.994007
 6445.000   1.000000
 6450.000   0.994949
 6455.000   1.000000
 6460.000   0.999389
 6465.000   1.000000
 6470.000   0.996781
 6475.000   0.993297
 6480.000   1.000000
 6485.000   1.000000
 6490.000   0.992133
 6495.000   0.998135
 6500.000   1.000000
 6505.000   1.000000
 6510.000   0.000000
 6515.000   1.000000
 6520.000   1.000000
 6525.000   0.997571
 6530.000   1.000000
 6535.000   0.993240
 6540.000   1.000000
 6545.000   1.000000
 6550.000   0.999049
 6555.000   0.998761
 6560.000   0.874447
 6565.000   0.845853
 6570.000   0.949639
 6575.000   0.440826
 6580.000   0.000000
 6585.000   0.000000
 6590.000   0.000000
 6595.000   0.000000
 6600.000   0.000000
 6605.000   0.000000
 6610.000   0.000000
 6615.000   0.000000
 6620.000   0.000000
 6625.000   0.000000
 6630.000   0.000000
 6635.000   0.000000
 6640.000   0.000000
 6645.000   0.000000
 6650.000   0.000000
 6655.000   0.000000
 6660.000   0.000000
 6665.000   0.000000
 6670.000   0.000000
 6675.000   0.000000
 6680.000   0.000000
 6685.000   0.000000
 6690.000   0.000000
 6695.000   0.000000
 6700.000   0.000000
 6705.000   0.000000
 6710.000   0.000000
 6715.000   0.000000
 6720.000   0.000000
 6725.000   0.000000
 6730.000   0.000000
 6735.000   0.000000
 6740.000   0.000000
 6745.000   0.000000
 6750.000   0.000000
 6755.000   0.000000
 6760.000   0.000000
 6765.000   0.000000
 6770.000   0.000000
 6775.000   0.000000
 6780.000   0.000000
 6785.000   0.000000
 6790.000   0.000000
 6795.000   0.000000
 6800.000   0.000000
 6805.000   0.000000
 6810.000   0.000000
 6815.000   0.000000
 6820.000   0.000000
 6825.000   0.000000
 6830.000   0.000000
 6835.000   0.000000
 6840.000   0.000000
 6845.000   0.000000
 6850.000   0.000000
 6855.000   0.000000
 6860.000   0.000000
 6865.000   0.000000
 6870.000   0.905621
 6875.000   0.000000
 6880.000   0.000000
 6885.000   0.000000
 6890.000   0.000000
 6895.000   0.000000
 6900.000   0.000000
 6905.000   0.000000
 6910.000   0.000000
 6915.000   0.000000
 6920.000   0.000000
 6925.000   0.000000
 6930.000   0.000000
 6935.000   0.000000
 6940.000   0.000000
 6945.000   0.000000
 6950.000   0.000000
 6955.000   0.000000
 6960.000   0.000000
 6965.000   0.000000
 6970.000   0.000000
 6975.000   0.000000
 6980.000   0.000000
 6985.000   0.000000
 6990.000   0.000000
 6995.000   0.000000
 7000.000   0.000000
 7005.000   0.999609
 7010.000   0.999912
 7015.000   0.999904
 7020.000   0.999595
 7025.000   0.999967
 7030.000   0.711577
 7035.000   0.999984
 7040.000   0.988222
 7045.000   0.988959
 7050.000   0.999995
 7055.000   0.999642
 7060.000   0.994034
 7065.000   0.999594
 7070.000   0.999753
 7075.000   0.999933
 7080.000   0.999996
 7085.000   0.999841
 7090.000   0.999170
 7095.000   0.997560
 7100.000   0.992197
 7105.000   0.998805
 7110.000   0.993522
 7115.000   0.993802
 7120.000   0.914257
 7125.000   0.998595
 7130.000   0.999008
 7135.000   0.989984
 7140.000   0.999719
 7145.000   0.997582
 7150.000   0.997787
 7155.000   0.997002
 7160.000   0.999779
 7165.000   0.985624
 7170.000   0.991538
 7175.000   0.999886
 7180.000   0.999718
 7185.000   0.999536
 7190.000   0.999302
 7195.000   0.997114
 7200.000   0.995556
 7205.000   0.999825
 7210.000   0.999775
 7215.000   0.988667
 7220.000   0.999001
 7225.000   0.998932
 7230.000   0.997848
 7235.000   0.996837
 7240.000   0.993664
 7245.000   0.989187
 7250.000   0.995734
 7255.000   0.999797
 7260.000   0.996193
 7265.000   0.999997
 7270.000   0.999220
 7275.000   0.996612
 7280.000   0.999418
 7285.000   0.996831
 7290.000   0.996913
 7295.000   0.996075
 7300.000   0.999318
 7305.000   0.999770
 7310.000   0.998777
 7315.000   0.999992
 7320.000   0.999808
 7325.000   0.992216
 7330.000   0.990124
 7335.000   0.996852
 7340.000   0.996486
 7345.000   0.999516
 7350.000   0.998725
 7355.000   0.999701
 7360.000   0.999643
 7365.000   0.999919
 7370.000   0.999091
 7375.000   0.996855
 7380.000   0.997482
 7385.000   0.997857
 7390.000   0.996223
 7395.000   0.999099
 7400.000   0.984736
 7405.000   0.999210
 7410.000   0.999519
 7415.000   0.997940
 7420.000   0.992670
 7425.000   0.998956
 7430.000   0.997157
 7435.000   0.989672
 7440.000   0.998711
 7445.000   0.996613
 7450.000   0.996690
 7455.000   0.999916
 7460.000   0.999078
 7465.000   0.998943
 7470.000   0.997625
 7475.000   0.997663
 7480.000   0.999512
 7485.000   0.999113
 7490.000   0.999991
 7495.000   0.628626
 7500.000   0.999071
 7505.000   0.999763
 7510.000   0.997121
 7515.000   0.999467
 7520.000   0.999979
 7525.000   0.982374
 7530.000   0.999857
 7535.000   0.999580
 7540.000   0.999840
 7545.000   0.998470
 7550.000   0.999124
 7555.000   0.998583
 7560.000   0.982528
 7565.000   0.999444
 7570.000   0.999962
 7575.000   0.999883
 7580.000   0.995199
 7585.000   0.999464
 7590.000   0.999998
 7595.000   0.999037
 7600.000   0.997018
 7605.000   0.998877
 7610.000   0.999667
 7615.000   0.999037
 7620.000   0.999128
 7625.000   0.999429
 7630.000   0.998644
 7635.000   0.998312
 7640.000   0.998149
 7645.000   0.999654
 7650.000   0.999982
 7655.000   0.928487
 7660.000   0.993725
 7665.000   0.744645
 7670.000   0.999843
 7675.000   0.999933
 7680.000   0.992849
 7685.000   0.997845
 7690.000   0.999133
 7695.000   0.992632
 7700.000   0.998495
 7705.000   0.999666
 7710.000   0.996102
 7715.000   0.999186
 7720.000   0.999511
 7725.000   0.785450
 7730.000   0.999994
 7735.000   0.997918
 7740.000   0.999224
 7745.000   0.992546
 7750.000   0.941034
 7755.000   0.986175
 7760.000   0.999822
 7765.000   0.999751
 7770.000   0.999041
 7775.000   0.998047
 7780.000   0.996511
 7785.000   0.999937
 7790.000   0.999964
 7795.000   0.999996
 7800.000   0.995729
 7805.000   0.998910
 7810.000   0.997100
 7815.000   0.999652
 7820.000   0.999999
 7825.000   0.999998
 7830.000   0.993396
 7835.000   0.995889
 7840.000   0.999215
 7845.000   0.999430
 7850.000   0.999401
 7855.000   0.997234
 7860.000   0.999874
 7865.000   0.999992
 7870.000   0.997805
 7875.000   0.999133
 7880.000   0.999769
 7885.000   0.999720
 7890.000   0.981455
 7895.000   0.999587
 7900.000   0.999770
 7905.000   0.981295
 7910.000   0.999972
 7915.000   0.999304
 7920.000   0.987783
 7925.000   0.996028
 7930.000   0.994752
 7935.000   0.996975
 7940.000   0.997478
 7945.000   0.997189
 7950.000   0.999854
 7955.000   0.993522
 7960.000   0.998690
 7965.000   0.998834
 7970.000   0.995623
 7975.000   0.998772
 7980.000   0.996431
 7985.000   0.999725
 7990.000   0.999419
 7995.000   0.922881
 8000.000   0.997758
 8005.000   0.996199
 8010.000   0.993939
 8015.000   0.982298
 8020.000   0.999476
 8025.000   0.998908
 8030.000   0.998853
 8035.000   0.999628
 8040.000   0.989654
 8045.000   0.998705
 8050.000   0.998604
 8055.000   0.998806
 8060.000   0.999702
 8065.000   0.999933
 8070.000   0.999692
 8075.000   0.996788
 8080.000   0.999384
 8085.000   0.921899
 8090.000   0.999755
 8095.000   0.994995
 8100.000   0.998112
 8105.000   0.989491
 8110.000   0.989991
 8115.000   0.998072
 8120.000   0.996160
 8125.000   0.995403
 8130.000   0.999891
 8135.000   0.999801
 8140.000   0.995073
 8145.000   0.999982
 8150.000   0.909017
 8155.000   0.999377
 8160.000   0.999434
 8165.000   0.999961
 8170.000   0.998431
 8175.000   0.997424
 8180.000   0.997948
 8185.000   0.997522
 8190.000   0.995692
 8195.000   0.812265
 8200.000   0.995946
 8205.000   0.999598
 8210.000   0.999689
 8215.000   0.989029
 8220.000   0.975971
 8225.000   0.999693
 8230.000   0.994365
 8235.000   0.999785
 8240.000   0.999996
 8245.000   0.999974
 8250.000   0.999712
 8255.000   0.995898
 8260.000   0.999850
 8265.000   0.974570
 8270.000   0.999394
 8275.000   0.998704
 8280.000   0.992378
 8285.000   0.993782
 8290.000   0.947998
 8295.000   0.992300
 8300.000   0.999362
 8305.000   0.997799
 8310.000   0.985706
 8315.000   0.994239
 8320.000   0.998872
 8325.000   0.998332
 8330.000   0.998023
 8335.000   0.907429
 8340.000   0.997789
 8345.000   0.995807
 8350.000   0.998133
 8355.000   0.996486
 8360.000   0.997886
 8365.000   0.997535
 8370.000   0.997450
 8375.000   0.997236
 8380.000   0.997327
 8385.000   0.996983
 8390.000   0.986935
 8395.000   0.996586
 8400.000   0.996477
 8405.000   0.996037
 8410.000   0.991666
 8415.000   0.995520
 8420.000   0.996827
 8425.000   0.997609
 8430.000   0.933478
 8435.000   0.993377
 8440.000   0.994124
 8445.000   0.995969
 8450.000   0.955878
 8455.000   0.996516
 8460.000   0.991915
 8465.000   0.989771
 8470.000   0.992284
 8475.000   0.995036
 8480.000   0.991396
 8485.000   0.974986
 8490.000   0.991075
 8495.000   0.976414
 8500.000   0.954558
 8505.000   0.968624
 8510.000   0.986780
 8515.000   0.975782
 8520.000   0.994049
 8525.000   0.979973
 8530.000   0.989546
 8535.000   0.975460
 8540.000   0.805713
 8545.000   0.868932
 8550.000   0.970074
 8555.000   0.985672
 8560.000   0.969675
 8565.000   0.992306
 8570.000   0.994780
 8575.000   0.000000
 8580.000   1.000000
 8585.000   0.996267
 8590.000   0.991659
 8595.000   0.985595
 8600.000   0.977828
 8605.000   0.991533
 8610.000   0.983379
 8615.000   0.997366
 8620.000   1.000000
 8625.000   0.000000
 8630.000   0.999516
 8635.000   1.000000
 8640.000   0.958195
 8645.000   0.865312
 8650.000   0.977148
 8655.000   1.000000
 8660.000   0.865529
 8665.000   0.896453
 8670.000   0.974535
 8675.000   0.987170
 8680.000   0.882118
 8685.000   1.000000
 8690.000   0.941783
 8695.000   1.000000
 8700.000   1.000000
 8705.000   0.000000
 8710.000   0.000000
 8715.000   0.000000
 8720.000   0.000000
 8725.000   0.000000
 8730.000   0.000000
 8735.000   0.305233
 8740.000   1.000000
 8745.000   0.000000
 8750.000   0.954785
 8755.000   0.981828
 8760.000   0.992969
 8765.000   0.992825
 8770.000   0.996565
 8775.000   1.000000
 8780.000   1.000000
 8785.000   0.000000
 8790.000   0.970478
 8795.000   0.000000
 8800.000   0.839376
 8805.000   0.000000
 8810.000   0.734136
 8815.000   0.000000
 8820.000   0.000000
 8825.000   0.000000
 8830.000   0.759765
 8835.000   0.000000
 8840.000   1.000000
 8845.000   0.969325
 8850.000   0.000000
 8855.000   1.000000
 8860.000   0.959794
 8865.000   0.962823
 8870.000   0.988442
 8875.000   0.994877
 8880.000   0.996307
 8885.000   1.000000
 8890.000   1.000000
 8895.000   1.000000
 8900.000   0.000000
 8905.000   0.000000
 8910.000   1.000000
 8915.000   0.000000
 8920.000   0.542644
 8925.000   0.000000
 8930.000   0.000000
 8935.000   1.000000
 8940.000   1.000000
 8945.000   0.000000
 8950.000   0.000000
 8955.000   1.000000
 8960.000   0.000000
 8965.000   0.000000
 8970.000   1.000000
 8975.000   0.000000
 8980.000   1.000000
 8985.000   0.000000
 8990.000   0.000000
 8995.000   0.000000
 9000.000   0.000000
 9005.000   0.928937
 9010.000   0.977912
 9015.000   0.893776
 9020.000   0.977610
 9025.000   0.993395
 9030.000   1.000000
 9035.000   1.000000
 9040.000   0.000000
 9045.000   0.639794
 9050.000   1.000000
 9055.000   0.000000
 9060.000   1.000000
 9065.000   1.000000
 9070.000   0.000000
 9075.000   0.000000
 9080.000   1.000000
 9085.000   0.000000
 9090.000   0.000000
 9095.000   0.000000
 9100.000   0.000000
 9105.000   0.000000
 9110.000   0.000000
 9115.000   0.000000
 9120.000   0.000000
 9125.000   0.000000
 9130.000   0.000000
 9135.000   0.000000
 9140.000   1.000000
 9145.000   0.000000
 9150.000   0.933243
 9155.000   0.000000
 9160.000   0.924452
 9165.000   0.000000
 9170.000   1.000000
 9175.000   0.000000
 9180.000   0.000000
 9185.000   0.000000
 9190.000   0.000000
 9195.000   0.111771
 9200.000   0.000000
 9205.000   1.000000
 9210.000   0.000000
 9215.000   0.000000
 9220.000   0.000000
 9225.000   0.964285
 9230.000   0.909078
 9235.000   0.981602
 9240.000   0.992256
 9245.000   1.000000
 9250.000   0.928528
 9255.000   1.000000
 9260.000   0.000000
 9265.000   0.000000
 9270.000   1.000000
 9275.000   0.000000
 9280.000   1.000000
 9285.000   0.000000
 9290.000   0.000000
 9295.000   1.000000
 9300.000   0.000000
 9305.000   0.000000
 9310.000   0.000000
 9315.000   0.000000
 9320.000   0.000000
 9325.000   1.000000
 9330.000   0.000000
 9335.000   0.000000
 9340.000   1.000000
 9345.000   0.000000
 9350.000   1.000000
 9355.000   1.000000
 9360.000   0.000000
 9365.000   0.000000
 9370.000   1.000000
 9375.000   0.000000
 9380.000   1.000000
 9385.000   0.000000
 9390.000   0.000000
 9395.000   1.000000
 9400.000   0.000000
 9405.000   0.000000
 9410.000   0.000000
 9415.000   0.000000
 9420.000   0.880543
 9425.000   0.000000
 9430.000   0.000000
 9435.000   0.000000
 9440.000   0.000000
 9445.000   0.000000
 9450.000   0.000000
 9455.000   0.000000
 9460.000   0.000000
 9465.000   1.000000
 9470.000   0.000000
 9475.000   1.000000
 9480.000   0.000000
 9485.000   0.000000
 9490.000   0.000000
 9495.000   1.000000
 9500.000   0.000000
 9505.000   0.000000
 9510.000   0.000000
 9515.000   1.000000
 9520.000   0.000000
 9525.000   0.000000
 9530.000   0.000000
 9535.000   0.000000
 9540.000   0.000000
 9545.000   0.883393
 9550.000   0.965627
 9555.000   0.988893
 9560.000   0.994629
 9565.000   1.000000
 9570.000   0.872522
 9575.000   0.902301
 9580.000   1.000000
 9585.000   0.000000
 9590.000   0.000000
 9595.000   1.000000
 9600.000   0.000000
 9605.000   1.000000
 9610.000   0.000000
 9615.000   0.000000
 9620.000   0.000000
 9625.000   0.000000
 9630.000   0.000000
 9635.000   1.000000
 9640.000   0.000000
 9645.000   1.000000
 9650.000   0.000000
 9655.000   0.000000
 9660.000   0.000000
 9665.000   1.000000
 9670.000   0.000000
 9675.000   0.000000
 9680.000   0.000000
 9685.000   0.000000
 9690.000   0.000000
 9695.000   0.000000
 9700.000   0.000000
 9705.000   1.000000
 9710.000   0.000000
 9715.000   0.000000
 9720.000   0.000000
 9725.000   0.000000
 9730.000   0.000000
 9735.000   0.000000
 9740.000   0.000000
 9745.000   1.000000
 9750.000   0.000000
 9755.000   0.000000
 9760.000   0.000000
 9765.000   0.000000
 9770.000   0.000000
 9775.000   0.000000
 9780.000   0.000000
 9785.000   0.000000
 9790.000   0.000000
 9795.000   0.000000
 9800.000   0.000000
 9805.000   0.000000
 9810.000   0.000000
 9815.000   0.000000
 9820.000   0.000000
 9825.000   1.000000
 9830.000   0.000000
 9835.000   0.000000
 9840.000   0.000000
 9845.000   0.000000
 9850.000   0.000000
 9855.000   0.000000
 9860.000   0.000000
 9865.000   0.000000
 9870.000   0.000000
 9875.000   0.000000
 9880.000   0.000000
 9885.000   0.000000
 9890.000   0.000000
 9895.000   0.000000
 9900.000   0.000000
 9905.000   0.000000
 9910.000   0.000000
 9915.000   0.000000
 9920.000   0.000000
 9925.000   0.000000
 9930.000   0.000000
 9935.000   0.000000
 9940.000   0.000000
 9945.000   0.000000
 9950.000   0.000000
 9955.000   0.678308
 9960.000   0.000000
 9965.000   0.977283
 9970.000   0.999858
 9975.000   0.999218
 9980.000   0.999277
 9985.000   0.998317
 9990.000   0.999206
 9995.000   0.995097
